	Alectoria.sarmentosa	Arthonia.leucopellaea	Bacidia.arceutina	Biatora.carneoalbida	Biatora.efflorescens	Bryoria.capillaris/fuscescens	Bryoria.furcellata	Bryoria.fuscescens	BRYORIA.SP.	Calicium.parvum	Calicium.viride	Caloplaca.flavorubescens	Cetraria.chlorophylla	Cetraria.pinastri	Chaenotheca.chrysocephala	Chaenotheca.ferruginea	Chaenotheca.subroscida	Chaenotheca.trichialis	Cladonia.coniocraea	Cladonia.digitata	Cladonia.pyxidata	Cladonia.sp.	Cladonia.squamosa	Dicranum.fuscescens	Dimerella.pineti	Fuscidea.pusilla	Hypnum.cupressiforme	Hypocenomyce.scalaris	Hypogymnia.physodes	Hypogymnia.tubulosa	Imshaugia.aleurites	Japewia.subaurifera	Lecanactis.abietina	Lecanora.conizaeoides	Lecidea.nylanderi	Lepidozia.reptans	Lepraria.incana	Lobaria.pulmonaria	Loxospora.elatina	Micarea.prasina	Mycoblastus.sanguinarius	Ochrolechia.androgyna	Ochrolechia.microstictoides	OCHROLECHIA.SP.	Parmelia.saxatilis	Parmelia.sulcata	Parmeliopsis.ambigua	Parmeliopsis.hyperopta	Phlyctis.argena	Physcia.stellaris	Platismatia.glauca	Pseudevernia.furfuracea	Sphaerophorus.globosus	Thelotrema.lepadinum	Trapeliopsis.pseudogranulosa	Usnea.filipendula	Usnea.subfloridana
An02H 7-PA1	0	0	0	0	0	0	0	0	2	0	0	0	0	0	4	0	0	0	0	0	0	0	0	0	0	0	0	0	36	0	0	0	177	0	0	0	39	0	0	0	0	0	0	0	0	0	0	0	0	0	0	0	0	0	0	0	0
An02H 7-PA2	0	0	0	0	0	0	0	0	1	0	0	0	0	0	1	0	0	0	0	0	0	0	0	0	0	0	0	0	1	0	0	0	227	0	0	0	39	0	0	0	0	0	0	0	0	0	0	0	0	0	0	0	0	0	0	0	0
An02H 7-PA3	0	0	0	0	0	0	0	0	0	0	0	0	0	0	0	0	0	0	0	0	0	0	0	0	0	0	0	0	43	0	0	0	0	0	0	0	206	0	0	0	0	0	0	0	0	0	0	0	0	0	0	0	0	0	0	0	0
An02H 7-PA4	0	0	0	0	0	0	0	0	1	0	0	0	0	0	0	0	0	0	0	0	0	0	22	0	0	0	0	0	3	0	0	0	13	0	0	0	116	0	0	0	0	0	0	0	0	0	0	0	0	0	0	0	0	0	0	0	0
An02H 7-PA5	0	0	0	0	0	0	0	0	1	0	0	0	0	0	1	0	0	0	0	0	0	0	0	0	0	0	0	0	11	0	0	0	0	0	0	0	191	0	0	0	0	0	0	0	0	0	0	0	0	0	0	0	0	0	0	0	0
An02H 8-PA1	0	0	0	0	0	0	0	0	0	0	0	0	0	0	0	0	0	0	0	0	0	0	16	0	0	0	0	0	11	0	0	0	83	0	0	0	134	0	0	0	0	0	0	0	0	0	0	0	0	0	0	0	0	0	0	0	0
An02H 8-PA2	0	0	0	0	0	0	0	0	0	0	0	0	0	0	0	0	0	0	0	0	0	0	36	0	0	0	0	0	8	0	0	0	46	0	0	0	52	0	0	0	0	0	0	0	0	0	0	0	0	0	0	0	0	0	0	1	0
An02H 8-PA3	0	0	0	0	0	0	0	0	0	0	0	0	0	0	0	0	0	0	0	0	0	0	0	0	0	0	0	0	2	0	0	0	60	0	0	0	34	0	4	0	0	0	0	0	0	0	0	0	0	0	0	0	0	5	0	0	0
An02H 8-PA4	0	0	0	0	0	0	0	0	0	0	0	0	0	0	0	0	0	0	0	0	0	0	0	0	0	0	0	0	22	0	0	0	128	0	0	0	11	0	3	0	0	0	0	0	0	0	0	0	0	0	0	0	0	0	0	0	0
An02H 8-PA5	0	0	0	0	0	0	0	0	1	0	0	0	0	0	0	0	0	0	0	0	0	0	62	0	0	0	0	0	16	0	0	0	2	0	0	0	17	0	9	0	0	0	0	0	0	0	0	0	0	0	55	0	0	0	0	5	0
An02J 5-PA1	0	0	0	0	0	0	0	0	0	0	0	0	0	0	0	0	0	0	0	0	0	0	0	0	0	0	0	0	4	0	0	0	93	0	0	0	131	0	0	0	0	0	0	0	0	0	0	0	0	0	0	0	0	0	0	0	0
An02J 5-PA2	0	0	0	0	0	0	0	0	0	0	0	0	0	0	0	0	0	0	0	0	0	0	0	0	0	0	0	0	0	0	0	0	32	0	0	0	55	0	0	0	0	0	0	0	0	0	0	0	0	0	0	0	0	0	0	0	0
An02J 5-PS3	0	0	0	0	0	0	0	0	0	0	0	0	0	0	0	0	0	0	0	0	0	0	5	0	0	0	0	4	4	0	0	0	0	0	0	0	89	0	0	0	0	0	0	0	0	0	0	0	0	0	0	0	0	0	0	0	0
An02J 5-PA4	0	0	0	0	0	0	0	0	0	0	0	0	0	0	0	0	0	0	0	0	0	0	11	0	0	0	0	0	1	0	0	0	61	0	0	0	218	0	0	0	0	0	0	0	0	0	0	0	0	0	0	0	0	0	0	0	0
An02J 5-PA5	0	0	0	0	0	0	0	0	0	0	0	0	0	0	0	0	0	0	0	0	0	0	0	0	0	0	0	0	0	0	0	0	87	0	0	0	53	0	0	0	0	0	0	0	0	0	0	0	0	0	0	0	0	0	0	0	0
An02L10-PA1	0	0	0	0	0	0	0	0	0	0	0	0	0	0	0	0	0	0	0	0	0	0	0	0	0	0	0	0	5	0	0	0	56	0	0	0	22	0	0	0	0	0	0	0	0	0	0	0	0	0	0	0	0	0	0	0	0
An02L10-PA2	0	0	0	0	0	0	0	0	0	0	0	0	0	0	0	0	0	0	0	0	0	0	0	0	0	0	0	0	2	0	0	0	241	0	0	0	33	0	0	0	0	0	0	0	0	0	0	0	0	0	0	0	0	0	0	0	0
An02L10-PA3	0	0	0	0	0	0	0	0	0	0	0	0	0	0	0	0	0	0	0	0	0	0	0	0	0	0	0	0	1	0	0	0	191	0	0	0	56	0	0	0	0	0	0	0	0	0	0	0	0	0	0	0	0	0	0	0	0
An02L10-PA4	0	0	0	0	0	0	0	0	0	0	0	0	0	0	0	0	0	0	0	0	0	0	2	0	0	0	0	0	16	0	0	0	144	0	0	0	112	0	0	0	0	0	0	0	0	0	0	0	0	0	0	0	0	0	0	0	0
An02L10-PA5	0	0	0	0	0	0	0	0	0	0	0	0	0	0	0	0	0	0	0	0	0	0	0	0	0	0	0	0	0	0	0	0	73	0	0	0	118	0	0	0	0	0	0	0	0	0	0	0	0	0	0	0	0	0	0	0	0
An07H 4-PA1	0	0	0	0	0	0	0	0	0	0	0	0	0	0	0	0	0	0	0	0	0	0	0	0	0	0	0	0	0	0	0	0	0	0	0	0	31	0	0	0	0	0	0	0	0	0	0	0	0	0	0	0	0	0	0	0	0
An07H 4-PA2	0	0	0	0	0	0	0	0	0	0	0	0	0	0	0	0	0	0	0	0	0	0	0	0	0	0	0	0	0	0	0	0	0	0	0	0	74	0	0	0	0	0	0	0	0	0	0	0	0	0	0	0	0	0	0	0	0
An07H 4-PA3	0	0	0	0	0	0	0	0	0	0	0	0	0	0	0	0	0	0	0	0	0	0	0	0	0	0	0	0	2	0	0	0	0	0	0	0	32	0	0	0	0	0	0	0	0	0	0	0	0	0	0	0	0	0	0	0	0
An07H 4-PA4	0	0	0	0	0	0	0	0	0	0	0	0	0	0	0	0	0	0	0	0	0	0	0	0	0	0	0	0	19	0	0	0	0	0	0	0	69	0	0	0	0	0	0	0	0	0	0	0	0	0	0	0	0	0	0	0	0
An07H 4-PA5	0	0	0	0	0	0	0	0	0	0	0	0	0	0	0	0	0	0	0	0	0	0	0	0	0	0	0	0	0	0	0	0	0	0	0	0	42	0	0	0	0	0	0	0	0	0	0	0	0	0	0	0	0	0	0	0	0
An07I 7-PA1	0	0	0	0	0	0	0	0	0	0	0	0	0	0	0	0	0	0	0	0	0	0	9	0	0	0	0	0	0	0	0	0	122	0	0	0	97	0	0	0	0	0	0	0	0	0	0	0	0	0	0	0	0	0	0	0	0
An07I 7-PA2	0	0	0	0	0	0	0	0	0	0	0	0	0	0	0	0	0	0	9	0	0	0	0	0	0	0	0	0	0	12	0	0	0	0	0	0	103	0	0	0	0	0	0	0	0	0	0	0	0	0	0	0	0	0	0	0	0
An07I 7-BZ3	0	0	0	0	0	0	0	0	0	0	0	0	0	0	0	0	0	0	27	0	0	0	0	0	0	0	0	0	0	0	0	0	0	0	0	0	0	0	0	0	0	0	0	0	0	0	0	0	0	0	2	0	0	0	0	0	0
An07I 7-PA4	0	0	0	0	0	0	0	0	0	0	0	0	0	0	0	0	0	0	0	0	0	0	0	0	0	0	0	0	0	0	0	0	0	0	0	0	87	0	0	0	0	0	0	0	0	0	0	0	0	0	0	0	0	0	0	0	0
An07I 7-PA5	0	0	0	0	0	0	0	0	0	0	0	0	0	0	0	0	0	0	1	0	0	0	0	0	0	0	0	0	0	0	0	0	4	0	0	0	22	0	0	0	0	0	0	0	0	0	0	0	0	0	0	0	0	0	0	0	0
An07I 8-PA1	0	0	0	0	0	0	0	0	0	0	0	0	0	0	0	0	0	0	0	0	0	0	0	0	0	0	0	0	0	0	0	0	217	0	0	0	39	0	0	0	0	0	0	0	0	0	0	0	0	0	0	0	0	0	0	0	0
An07I 8-PA2	0	0	0	0	0	0	0	0	0	0	0	0	0	0	0	0	0	0	0	0	0	0	0	0	0	0	0	0	0	0	0	0	7	0	0	0	17	0	0	0	0	0	0	0	0	0	0	0	0	0	0	0	0	0	0	0	0
An07I 8-PA3	0	0	0	0	0	0	0	0	0	0	0	0	0	0	0	0	0	0	0	0	0	0	0	0	0	0	0	0	17	0	0	0	37	0	0	0	9	0	0	0	8	0	0	0	0	0	0	0	0	0	0	0	0	0	0	0	0
An07I 8-PA4	0	0	0	0	0	0	0	0	0	0	0	0	0	0	0	0	0	0	0	0	0	0	0	0	0	0	0	0	0	0	0	0	7	0	0	0	43	0	0	0	0	0	0	0	0	0	0	0	0	0	0	0	0	0	0	0	0
An07I 8-PA5	0	0	0	0	0	0	0	0	0	0	0	0	0	0	0	0	0	0	0	0	0	0	0	0	0	0	0	0	9	0	0	0	121	0	0	0	5	0	0	0	0	0	0	0	0	0	0	0	0	0	0	0	0	0	0	0	0
An07J 5-PS3	0	0	0	0	0	0	0	0	0	0	0	0	0	0	0	0	0	0	0	0	0	0	0	0	0	0	0	0	0	0	0	0	0	0	0	0	82	0	0	0	0	0	0	0	0	0	0	0	0	0	0	0	0	0	0	0	0
An07J 5-PA6	0	0	0	0	0	0	0	0	0	0	0	0	0	0	0	0	0	0	121	0	0	0	0	0	0	0	0	0	5	0	0	0	0	0	0	0	12	0	0	0	4	0	0	0	0	0	0	0	0	0	17	0	3	0	0	0	0
An07J 5-BZ7	0	0	0	0	0	0	0	0	0	0	0	0	0	0	0	0	0	0	0	0	0	0	0	0	0	0	0	0	2	0	0	0	71	0	0	0	21	0	0	0	0	0	0	0	0	0	0	0	0	0	0	0	0	0	0	0	0
An07J 5-PA8	0	0	0	0	0	0	0	0	0	0	0	0	0	0	0	0	0	0	21	0	0	0	0	0	0	0	0	0	2	0	0	0	49	0	0	0	11	0	0	0	0	0	0	0	0	0	0	0	0	0	11	0	0	0	0	0	0
An07J 5-PA9	0	0	0	0	0	0	0	0	0	0	0	0	0	0	0	0	0	0	0	0	0	0	0	0	0	0	0	0	0	0	0	0	29	0	0	0	11	0	0	0	0	0	0	0	0	0	0	0	0	0	0	0	0	0	0	0	0
An12I 8-PA4	0	0	0	0	0	0	0	0	0	0	0	0	0	0	0	0	0	0	0	0	0	0	0	0	0	0	0	0	0	0	0	0	0	0	0	0	330	0	0	0	0	0	0	0	0	0	0	0	0	0	0	0	0	0	0	0	0
An12I 8-PT6	0	0	0	0	0	0	0	0	0	0	0	0	0	0	0	0	0	0	0	0	0	0	0	0	0	0	0	0	0	0	0	0	0	0	0	0	0	0	0	0	0	0	0	0	0	0	0	0	18	0	0	0	0	0	0	0	0
An12I 8-PA7	0	0	0	0	0	0	0	0	0	0	0	0	0	0	0	0	0	0	0	0	0	0	0	0	0	0	0	0	1	0	0	0	0	0	0	0	322	0	0	0	0	0	0	0	0	0	0	0	0	0	0	0	0	0	0	0	0
An12I 8-PA8	0	0	0	0	0	0	0	0	0	0	0	0	0	0	0	0	0	0	0	0	0	0	0	0	0	0	0	0	1	0	0	0	0	0	0	0	218	0	0	0	0	0	0	0	0	0	0	0	0	0	0	0	0	0	0	0	0
An12I 8-PA9	0	0	0	0	0	0	0	0	0	0	0	0	0	0	0	0	0	0	0	0	0	1	0	0	0	0	0	0	17	0	0	0	0	0	0	0	340	0	0	0	0	0	0	0	0	0	0	0	0	0	0	0	0	0	0	0	0
An12H 4-PA1	0	0	0	0	0	0	0	0	0	0	0	0	0	0	0	0	0	0	0	0	0	1	0	0	0	0	0	0	0	0	0	0	0	0	0	0	127	0	0	0	0	0	0	0	0	0	0	0	0	0	0	0	0	0	0	0	0
An12H 4-PA2	0	0	0	0	0	0	0	0	0	0	0	0	0	0	0	0	0	0	0	0	0	0	0	0	0	0	0	0	1	0	0	0	0	0	0	0	236	0	0	0	0	0	0	0	0	0	0	0	0	0	0	0	0	0	0	0	0
An12H 4-PA3	0	0	0	0	0	0	0	0	0	0	0	0	0	0	0	0	0	0	0	0	0	0	0	0	0	0	0	0	3	0	0	0	0	0	0	0	66	0	1	0	0	0	0	0	0	0	0	0	0	0	0	0	0	0	0	0	0
An12H 4-PA6	0	0	0	0	0	0	0	0	0	0	0	0	0	0	0	0	0	0	0	0	0	0	0	0	0	0	0	0	0	0	0	0	0	0	0	0	8	0	0	0	0	0	0	0	0	0	0	0	0	0	0	0	0	0	0	0	0
An12H 4-PA7	0	0	0	0	0	0	0	0	0	0	0	0	0	0	0	0	0	0	0	0	0	0	0	0	0	0	0	0	0	0	0	0	0	0	0	0	28	0	0	0	0	0	0	0	0	0	0	0	0	0	0	0	0	0	0	0	0
An12J 5-PS3	0	0	0	0	0	0	0	0	0	0	0	0	0	0	0	0	0	0	0	0	0	5	0	0	0	0	0	0	0	0	0	0	0	0	0	0	104	0	0	0	0	0	0	0	0	0	0	0	0	0	0	0	0	0	0	0	0
An12J 5-PA10	0	0	0	0	0	0	0	0	0	0	0	0	0	0	0	0	0	0	0	0	0	0	0	0	0	0	0	0	6	0	0	0	64	0	0	0	289	0	0	0	0	0	0	0	0	0	0	0	0	0	0	0	0	0	0	0	0
An12J 5-PA11	0	0	0	0	0	0	0	0	0	0	0	0	0	0	0	0	0	0	0	0	0	0	0	0	0	0	0	0	0	0	0	0	284	0	0	0	82	0	0	0	0	0	0	0	0	0	0	0	0	0	0	0	0	0	0	0	0
An12J 5-PA12	0	0	0	0	0	0	0	0	0	0	0	0	0	0	0	0	0	0	0	0	0	0	0	0	0	0	0	0	0	0	0	0	312	0	0	0	61	0	0	0	0	0	0	0	0	0	0	0	0	0	0	0	0	0	0	0	0
An12J 5-PA13	0	0	0	0	0	0	0	0	0	0	0	0	0	0	2	0	0	0	0	0	0	0	0	0	0	0	0	0	0	0	0	0	33	0	0	0	86	0	0	0	0	0	0	0	0	0	0	0	0	0	0	0	0	0	0	0	0
An12J 7-PA1	0	0	0	0	0	0	0	0	0	0	0	0	0	0	0	0	0	0	0	0	0	0	0	0	0	0	0	0	1	0	0	0	0	0	0	0	81	0	0	0	0	0	0	0	0	0	0	0	0	0	0	0	0	0	0	0	0
An12J 7-PA2	0	0	0	0	0	0	0	0	0	0	0	0	0	0	0	0	0	0	0	0	0	3	0	0	0	0	0	0	11	0	0	0	0	0	0	0	22	0	0	0	0	0	0	0	0	0	0	0	0	0	0	0	0	0	0	0	0
An12J 7-PA3	0	0	0	0	0	0	0	0	0	0	0	0	0	0	0	0	0	0	0	0	0	0	0	0	0	0	0	0	1	0	0	0	0	0	0	0	5	0	0	0	0	0	0	0	0	0	0	0	0	0	0	0	0	0	0	0	0
An12J 7-PS4	0	0	0	0	0	0	0	0	0	0	0	0	0	0	0	0	0	0	0	0	0	81	0	0	0	0	0	0	0	0	0	0	0	0	0	0	1	0	0	0	0	0	0	0	0	0	2	1	0	0	0	0	0	0	0	0	0
An12J 7-BP5	0	0	0	0	0	0	0	0	0	0	0	0	0	0	0	0	0	0	0	0	0	3	0	0	0	0	0	0	1	0	0	0	0	0	0	0	11	0	0	0	0	0	0	0	0	0	0	0	0	0	0	0	0	0	0	0	0
An97H 7-PA1	0	0	0	0	0	0	0	0	0	0	0	0	0	0	22	0	0	0	0	0	0	0	0	0	0	0	0	0	38	0	0	0	224	0	0	0	65	0	0	0	0	0	0	0	0	0	0	0	0	0	1	0	0	0	0	0	0
An97H 7-PA2	0	0	0	0	0	0	0	0	0	0	0	0	0	0	0	0	0	0	0	0	0	0	0	0	0	0	0	0	6	0	0	0	338	0	0	0	33	0	5	0	0	0	0	0	0	0	0	0	0	0	1	0	0	0	0	0	0
An97H 7-PA3	0	0	0	0	0	1	0	0	0	0	0	0	0	0	0	0	0	0	0	0	0	0	0	0	0	0	0	0	53	0	0	0	19	0	0	0	215	0	11	0	0	0	0	0	0	0	0	0	0	0	0	0	0	0	0	0	0
An97H 7-PA4	0	0	0	0	0	1	0	0	0	0	0	0	0	0	0	0	0	0	0	0	0	15	0	0	0	0	0	0	47	0	0	0	83	0	0	0	167	0	4	0	0	0	0	0	0	0	0	0	0	0	9	0	0	0	0	0	0
An97H 7-PA5	0	0	0	0	0	0	0	0	0	0	0	0	0	0	1	0	0	0	0	0	0	0	0	0	0	0	0	0	9	0	0	0	0	0	0	0	125	0	0	0	0	0	0	0	0	0	0	0	0	0	0	0	0	0	0	0	0
An97H 8-PA1	0	0	0	0	0	0	0	0	0	0	0	0	0	0	0	0	0	0	0	0	0	3	0	0	0	0	0	0	57	0	0	0	95	0	0	0	206	0	2	0	0	0	0	0	0	0	0	0	0	0	0	0	0	0	0	0	0
An97H 8-PA2	0	0	0	0	0	0	0	0	0	0	0	0	0	0	0	0	0	0	0	0	0	1	0	0	0	0	0	0	44	0	0	0	172	0	0	0	115	0	37	0	0	0	0	0	0	0	0	0	0	0	3	0	0	0	0	0	0
An97H 8-PA3	0	0	0	0	0	0	0	0	0	0	0	0	0	0	0	0	0	0	0	0	0	0	0	0	0	0	0	0	5	0	0	0	127	0	0	0	132	0	12	0	0	0	0	0	0	0	0	0	0	0	0	0	0	2	0	0	0
An97H 8-PA4	0	0	0	0	0	0	0	0	0	0	0	0	0	0	0	0	0	0	0	0	0	32	0	0	0	0	0	0	24	0	0	0	154	0	0	0	99	0	54	0	0	0	0	0	0	0	0	0	0	0	3	0	0	0	0	0	0
An97H 8-PA5	0	0	0	0	0	0	0	0	0	0	0	0	0	0	0	0	0	0	0	0	0	0	0	0	0	0	0	0	88	0	0	0	7	0	0	0	24	0	38	0	0	0	0	0	0	0	0	0	0	0	98	0	0	0	0	4	0
An97J 5-PA1	0	0	0	0	0	0	0	0	0	0	0	0	0	0	0	0	0	0	0	0	0	0	0	0	0	0	0	0	15	0	0	0	150	0	0	0	164	0	0	0	0	0	0	0	0	0	0	0	0	0	3	0	0	0	0	0	0
An97J 5-PA2	0	0	0	0	0	0	0	0	0	0	0	0	0	0	0	0	0	0	0	0	0	0	0	0	0	0	0	0	0	0	0	0	107	0	0	0	39	0	0	0	0	0	0	0	0	0	0	0	0	0	0	0	0	0	0	0	0
An97J 5-PS3	0	0	0	0	0	0	0	0	0	0	0	0	0	0	0	0	0	0	0	0	0	0	0	0	0	0	0	0	12	0	0	0	0	0	0	0	124	0	0	0	0	0	0	0	0	0	0	0	0	0	0	0	0	0	0	0	0
An97J 5-PA4	0	3	0	0	0	0	0	0	0	0	0	0	0	0	0	0	0	0	1	0	0	0	0	0	0	0	0	0	0	0	0	0	179	0	0	0	187	0	0	0	0	0	0	0	0	0	0	0	0	0	0	0	0	0	0	0	0
An97J 5-PA5	0	7	0	0	0	0	0	0	0	0	0	0	0	0	0	0	0	0	0	0	0	0	0	0	0	0	0	0	2	0	0	0	319	0	0	0	27	0	0	0	0	0	0	0	0	0	0	0	0	0	0	0	0	0	0	0	0
An97L10-PA1	0	0	0	0	0	0	0	0	0	0	0	0	0	0	0	0	0	0	0	0	0	0	0	0	0	0	0	0	8	0	0	0	57	0	0	0	236	0	0	0	0	0	0	0	0	0	0	0	0	0	0	0	0	0	0	0	0
An97L10-PA2	0	0	0	0	0	0	0	0	0	0	0	0	0	0	0	0	0	0	0	0	0	0	0	0	0	0	0	0	1	0	0	0	298	0	0	0	91	0	0	0	0	0	0	0	0	0	0	0	0	0	0	0	0	0	0	0	0
An97L10-PA3	0	0	0	0	0	0	0	0	0	0	0	0	0	0	0	0	0	0	0	0	0	0	0	0	0	0	0	0	0	0	0	0	285	0	0	0	110	0	0	0	0	0	0	0	0	0	0	0	0	0	0	0	0	0	0	0	0
An97L10-PA4	0	0	0	0	0	0	0	0	0	0	0	0	0	0	0	0	0	0	0	0	0	0	0	0	0	0	0	0	25	0	0	0	189	0	0	0	187	0	0	0	0	0	0	0	0	0	0	0	0	0	0	0	0	0	0	0	0
An97L10-PA5	0	0	0	0	0	0	0	0	0	0	0	0	0	0	0	0	0	0	0	0	0	0	0	0	0	0	0	0	0	0	0	0	74	0	0	0	264	0	0	0	0	0	0	0	0	0	0	0	0	0	0	0	0	0	0	0	0
Ga00C12-PS9	5	0	0	0	0	0	0	116	0	0	0	0	0	0	0	0	0	0	0	0	0	0	0	0	0	0	0	0	1	0	0	0	0	0	0	0	0	0	0	0	0	0	0	0	0	0	94	0	0	0	0	0	0	0	0	0	0
Ga00C12-BZ10	0	0	0	0	0	0	0	10	0	0	0	0	0	0	0	0	0	0	0	0	0	0	0	0	0	0	0	0	225	0	0	0	0	0	0	0	0	0	0	0	37	24	0	0	0	0	11	0	0	0	0	0	0	0	0	0	0
Ga00C12-PS11	5	0	0	0	0	0	0	17	0	0	0	0	0	0	0	0	0	0	0	0	0	0	0	0	0	0	0	0	45	0	0	1	0	0	0	0	0	0	0	0	0	19	0	0	0	0	114	0	0	0	3	0	0	0	0	0	0
Ga00C12-PS12	4	0	0	0	0	0	4	42	0	0	0	0	0	0	0	0	0	0	0	0	0	0	0	0	0	0	0	0	118	0	0	0	0	0	0	0	0	0	0	0	0	22	0	0	0	0	67	0	0	0	0	0	0	0	0	0	0
Ga00E10-PA17	0	0	0	0	0	0	0	17	0	0	0	0	0	0	0	0	0	0	0	0	0	0	0	0	0	0	0	0	0	0	0	0	0	0	0	0	0	0	0	0	3	0	0	0	0	0	16	0	0	0	5	0	0	0	0	0	0
Ga00E10-SC18	0	0	0	0	0	0	0	1	0	0	0	0	0	0	0	0	0	0	0	0	0	0	0	0	0	0	0	0	5	0	0	0	0	0	0	0	0	54	0	0	46	0	0	0	0	0	0	0	0	0	0	0	0	0	0	0	1
Ga00E10-PA19	1	0	0	0	0	0	0	20	0	0	0	0	0	0	0	0	0	0	0	0	0	0	0	0	0	0	0	0	2	0	0	5	0	0	0	0	0	0	0	0	5	0	0	0	0	0	63	0	0	0	4	0	0	0	0	0	0
Ga00E10-PA20	3	0	0	0	0	0	0	63	0	0	1	0	1	0	0	0	0	0	0	0	0	0	0	0	0	0	0	0	3	0	0	0	0	0	0	0	0	0	0	0	0	0	0	0	0	0	17	0	0	0	0	0	0	0	0	0	0
Ga00E12-PT5	0	0	200	0	320	0	0	0	0	0	0	0	0	0	0	0	0	0	0	0	0	0	0	0	0	0	0	0	0	0	0	0	0	0	0	0	0	0	0	0	0	0	0	0	0	0	0	0	1	3	0	0	0	0	0	0	0
Ga00E12-PA6	0	0	0	0	0	0	0	0	0	0	0	0	0	0	0	0	0	0	0	0	0	0	0	0	0	0	0	0	0	0	0	0	0	0	0	0	0	0	0	0	2	0	0	0	0	0	2	0	0	0	0	0	0	0	0	0	0
Ga00E12-PA7	0	0	0	0	0	0	0	0	0	0	0	0	0	0	0	0	200	0	0	0	0	0	0	0	0	0	0	0	4	0	0	0	0	0	0	0	0	0	0	0	6	0	0	0	0	0	0	0	0	0	4	0	0	0	0	0	0
Ga00E12-PS8	1	0	0	0	0	0	0	11	0	0	0	0	0	0	0	0	0	0	0	0	0	0	0	0	0	0	0	0	20	0	0	0	0	0	0	0	0	0	0	0	44	0	0	0	0	0	52	0	0	0	0	0	0	0	0	0	0
Ga00E14-PS13	0	0	0	0	0	0	0	0	0	0	0	0	0	0	0	0	0	0	0	0	0	0	0	0	0	0	0	0	48	3	29	0	0	0	0	0	0	0	0	0	5	0	0	0	0	0	51	0	0	0	0	0	0	0	0	0	0
Ga00E14-PA14	0	0	0	0	0	0	0	0	0	0	0	0	0	0	0	0	0	0	0	0	0	0	0	0	0	0	0	0	13	0	0	0	0	0	0	0	0	0	0	0	0	36	0	0	0	0	73	0	0	0	0	0	0	0	0	0	0
Ga00E14-PS15	0	0	0	0	0	0	0	37	0	0	0	0	0	0	0	0	0	0	0	0	0	0	0	0	0	0	0	0	0	0	4	0	0	0	0	0	0	0	0	0	0	0	0	0	0	0	0	0	0	0	0	0	0	0	0	0	0
Ga00E14-PS16	0	0	0	0	0	0	0	0	0	0	0	0	0	0	0	0	0	0	0	0	0	0	0	0	0	0	0	0	0	0	12	0	0	0	0	0	0	0	0	0	0	0	0	0	0	0	5	0	0	0	0	0	0	0	0	0	0
Ga00G12-PS1	0	0	0	0	0	0	0	4	0	0	0	0	0	0	0	0	0	0	0	0	0	0	0	0	0	0	0	0	79	0	44	0	0	0	0	0	0	0	0	0	0	0	0	0	0	0	0	0	0	0	4	0	0	0	0	0	0
Ga00G12-PA2	12	0	0	0	0	0	0	48	0	0	0	0	0	0	0	0	0	0	0	0	0	0	0	0	0	0	0	0	23	0	0	0	0	0	0	0	0	0	0	0	1	0	0	0	0	0	3	0	0	0	7	0	0	0	0	0	0
Ga00G12-PA3	1	0	0	0	0	0	0	2	0	0	0	0	0	0	0	0	0	0	0	0	0	0	0	0	0	0	0	0	26	0	26	0	0	0	0	0	0	0	0	0	10	0	0	0	0	0	5	0	0	0	2	0	0	0	0	0	0
Ga00G12-PS4	15	0	0	0	0	0	0	12	0	0	0	0	0	0	0	0	0	0	0	0	0	0	0	0	0	0	0	0	94	0	0	0	0	0	0	0	0	0	0	0	6	0	0	0	0	0	0	0	0	0	43	0	0	0	0	0	0
Ga05C12-PS9	0	0	0	0	0	38	0	0	0	0	0	0	0	0	0	0	0	0	0	0	0	0	0	0	0	0	0	0	5	0	0	0	0	0	0	0	0	0	0	0	0	0	0	0	0	0	147	0	0	0	0	0	0	0	0	0	0
Ga05C12-BZ10	0	0	0	0	0	0	0	0	0	0	0	0	0	0	0	0	0	0	0	0	0	0	0	0	0	0	0	0	198	0	0	0	0	0	0	0	0	0	0	0	17	0	0	7	0	0	36	10	0	0	3	0	0	0	0	0	0
Ga05C12-PS11	0	0	0	0	0	2	0	0	0	0	0	0	0	0	0	0	0	0	0	0	0	0	0	0	0	0	0	0	106	0	0	0	0	0	0	0	0	0	0	0	9	0	0	9	0	0	17	0	0	0	7	0	0	0	0	0	0
Ga05C12-PS12	0	0	0	0	0	8	0	0	0	0	0	0	0	0	0	0	0	0	0	0	0	0	0	0	0	0	0	0	65	0	0	0	0	0	0	0	0	0	0	0	0	0	0	11	0	0	49	0	0	0	3	0	0	0	0	1	0
Ga05E10-PA17	0	0	0	0	0	4	0	0	0	0	0	0	0	0	0	0	0	0	0	0	0	0	0	0	0	0	0	0	0	0	0	0	0	0	0	0	0	0	0	0	0	0	0	0	0	0	4	0	0	0	4	0	0	0	0	0	0
Ga05E10-SC18	0	0	0	0	0	0	0	0	0	0	0	0	0	0	0	0	0	0	0	0	0	0	0	0	0	0	0	0	7	0	0	0	0	0	0	0	0	61	0	0	31	0	0	0	0	0	0	0	38	0	0	0	0	0	0	1	0
Ga05E10-PA19	0	0	0	0	0	0	0	0	0	0	0	0	0	0	0	0	0	0	0	0	0	0	0	0	0	0	0	0	7	0	0	1	0	0	0	0	0	0	0	0	0	0	0	0	0	0	33	0	0	0	23	0	0	0	0	0	0
Ga05E10-PA20	0	0	0	3	0	4	0	0	0	0	0	0	0	0	0	17	0	0	0	0	0	0	0	0	0	0	0	0	3	0	0	0	0	0	0	0	0	0	0	0	0	0	0	0	0	0	22	0	0	0	0	0	0	0	0	0	0
Ga05E12-PT5	0	0	169	0	55	0	0	0	0	0	0	0	0	0	0	0	0	0	0	0	0	0	0	0	0	0	0	0	0	0	0	0	0	0	0	0	0	0	0	0	0	0	0	0	0	0	0	0	2	1	0	0	0	0	0	0	0
Ga05E12-PA6	0	0	0	0	0	0	0	0	0	0	0	0	0	0	0	0	0	0	0	0	0	0	0	0	0	0	0	0	1	0	0	0	0	0	0	0	0	0	0	0	0	0	0	0	0	0	0	0	0	0	0	0	0	0	0	0	0
Ga05E12-PA7	0	0	0	0	0	0	0	0	0	0	0	0	0	0	0	0	45	0	0	0	0	0	0	0	0	0	0	0	7	0	0	0	0	0	0	0	0	0	0	0	0	0	0	0	0	0	0	0	0	0	3	0	0	0	0	0	0
Ga05E12-PS8	0	0	0	0	0	3	0	0	0	0	0	0	0	0	0	0	0	0	0	0	0	0	0	0	0	0	0	0	34	0	0	0	0	0	0	0	0	0	0	0	3	0	0	0	0	0	37	0	0	0	2	0	0	0	0	0	0
Ga05E14-PS13	0	0	0	0	0	0	0	0	0	0	0	0	0	0	0	0	0	0	0	0	0	0	0	0	0	0	0	0	38	0	5	0	0	0	0	0	0	0	0	0	0	0	0	0	0	0	53	1	0	0	0	0	0	0	0	0	0
Ga05E14-PA14	0	0	0	0	0	0	0	0	0	0	0	0	0	0	0	0	0	0	0	0	0	0	0	0	0	0	0	0	13	0	0	0	0	0	0	0	0	0	0	0	0	0	0	13	0	0	21	0	0	0	0	0	0	0	0	0	0
Ga05E14-PS15	3	0	0	0	0	12	0	0	0	0	0	0	0	0	0	0	0	0	0	0	0	0	0	0	0	0	0	0	0	0	3	0	0	0	0	0	0	0	0	0	0	0	0	0	0	0	4	0	0	0	0	0	0	0	0	0	0
Ga05E14-PS16	0	0	0	0	0	0	0	0	0	0	0	0	0	0	0	0	0	0	0	0	0	0	0	0	0	0	0	0	0	0	9	0	0	0	0	0	0	0	0	0	0	0	0	0	0	0	7	0	0	0	0	0	0	0	0	0	0
Ga05G12-PS1	0	0	0	0	0	2	0	0	0	0	0	0	0	0	0	0	0	0	0	0	0	0	0	0	0	0	0	0	53	0	32	0	0	0	0	0	0	0	0	0	0	0	0	0	0	0	0	0	0	0	13	0	0	0	0	0	0
Ga05G12-PA2	0	0	0	0	0	1	0	0	0	0	0	0	0	0	0	0	0	0	0	0	0	0	0	0	0	0	0	0	24	0	0	0	0	0	0	0	0	0	0	0	3	0	0	0	0	0	0	0	0	0	9	0	0	0	0	0	0
Ga05G12-PA3	0	0	0	0	0	1	0	0	0	0	0	0	0	0	0	0	0	0	0	0	0	0	0	0	0	0	0	0	21	0	18	0	0	0	0	0	0	0	0	0	3	0	0	0	0	0	23	0	0	0	0	0	0	0	0	0	0
Ga05G12-PS4	0	0	0	0	0	7	0	0	0	0	0	0	0	0	0	0	0	0	0	0	0	0	0	0	0	0	0	0	64	0	0	0	0	0	0	0	0	0	0	0	2	0	0	0	0	0	5	0	0	0	37	0	0	0	0	0	0
Ga10C12-PS9	0	0	0	0	0	41	0	0	0	0	0	0	0	0	0	0	0	0	0	0	0	5	0	0	0	0	0	0	1	0	0	0	0	0	0	0	0	0	0	0	1	0	0	0	0	0	168	0	0	0	0	0	0	0	0	0	0
Ga10C12-BZ10	0	0	0	0	0	0	0	0	0	0	0	0	0	0	0	0	0	0	0	0	0	0	0	0	0	0	0	0	167	0	1	0	0	0	0	0	0	0	0	0	54	0	0	19	0	1	31	7	0	0	3	0	0	0	0	0	0
Ga10C12-PS11	0	0	0	0	0	2	0	0	0	0	0	0	0	0	0	0	0	0	0	0	0	0	0	0	0	0	0	0	93	0	0	0	0	0	0	0	0	0	0	0	9	0	0	29	0	0	11	0	0	0	9	0	0	0	0	0	0
Ga10C12-PS12	0	0	0	0	0	32	0	0	0	0	0	0	0	0	0	0	0	0	0	0	0	0	0	0	0	0	0	0	76	0	1	0	0	0	0	0	0	0	0	0	9	0	0	24	0	0	19	0	0	0	4	0	0	0	0	3	0
Ga10E10-PA17	0	0	0	0	0	0	0	0	0	0	0	0	0	0	0	0	0	0	0	0	0	0	0	0	0	0	0	0	0	0	0	0	0	0	0	0	0	0	0	0	2	0	0	0	0	0	14	0	0	0	4	0	0	0	0	0	0
Ga10E10-SC18	0	0	0	0	3	0	0	0	0	0	0	0	0	3	0	0	0	0	0	0	0	0	0	0	0	0	0	0	4	0	0	0	0	0	0	0	0	81	0	0	3	0	0	0	0	0	0	0	42	0	0	0	0	0	0	0	0
Ga10E10-PA19	0	0	0	0	0	0	0	0	0	0	0	0	0	0	2	0	0	0	0	0	0	0	0	0	0	0	0	0	5	0	0	0	0	0	0	0	0	0	0	0	5	0	0	0	0	0	16	0	0	0	26	0	0	0	0	0	0
Ga10E10-PA20	5	0	0	0	0	11	0	0	0	0	3	0	1	0	0	0	0	0	0	0	0	0	0	0	0	0	0	0	3	0	0	0	0	0	0	0	0	0	0	0	5	0	0	0	0	0	30	0	0	0	0	0	0	0	0	0	0
Ga10E12-PT5	0	0	95	0	29	0	0	0	0	0	0	0	0	0	0	0	0	0	0	0	0	0	0	0	0	0	0	0	0	0	0	0	0	0	0	0	0	0	0	0	0	0	0	0	0	0	0	0	3	2	0	0	0	0	0	0	0
Ga10E12-PA6	0	0	0	0	0	0	0	0	0	0	0	0	0	0	0	0	0	0	0	0	0	0	0	0	0	0	0	0	1	0	0	0	0	0	0	0	0	0	0	0	3	0	0	0	0	0	5	0	0	0	0	0	0	0	0	0	0
Ga10E12-PA7	0	0	0	0	0	0	0	0	0	0	0	0	0	0	0	0	20	0	0	0	0	0	0	0	0	0	0	0	6	0	0	0	0	0	0	0	0	0	0	0	5	0	0	0	0	0	3	0	0	0	5	0	0	0	0	0	0
Ga10E12-PS8	0	0	0	0	0	0	0	0	0	0	0	0	0	0	0	0	0	0	0	0	0	0	0	0	0	0	0	0	42	0	0	0	0	0	0	0	0	0	0	0	0	0	0	0	0	0	48	0	0	0	3	0	0	0	0	0	0
Ga10E14-PS13	0	0	0	0	0	0	0	0	0	0	0	0	0	0	0	0	0	0	0	0	0	0	0	0	0	0	0	0	92	0	9	0	0	0	0	0	0	0	0	0	1	0	0	0	0	0	59	13	0	0	0	0	0	0	0	0	0
Ga10E14-PA14	0	0	0	0	0	0	0	0	0	0	0	0	0	0	0	0	0	0	0	0	0	0	0	0	0	0	0	0	15	0	0	0	0	0	0	0	0	0	0	0	0	0	0	7	0	0	3	0	0	0	0	0	0	0	0	0	0
Ga10E14-PS15	5	0	0	0	0	32	0	0	0	0	0	0	0	0	0	0	0	0	0	0	0	0	0	0	0	0	0	0	0	0	2	0	0	0	0	0	0	0	0	0	0	0	0	0	0	0	6	0	0	0	0	0	0	0	0	0	0
Ga10E14-PS16	0	0	0	0	0	0	0	0	0	0	0	0	0	0	0	0	0	0	0	0	0	0	0	0	0	0	0	0	0	0	13	0	0	0	0	0	0	0	0	0	0	0	0	0	0	0	21	0	0	0	0	0	0	0	0	0	0
Ga10G12-PS1	0	0	0	0	0	2	0	0	0	0	0	0	1	0	0	0	0	0	0	0	0	0	0	0	0	0	0	0	47	0	5	0	0	0	2	0	0	0	0	0	0	0	0	0	0	0	8	0	0	0	9	0	0	0	0	0	0
Ga10G12-PA2	2	0	0	0	0	0	0	0	0	0	0	0	0	0	0	0	0	0	0	0	0	0	0	0	0	0	0	0	42	0	0	0	0	0	0	0	0	0	0	0	5	0	0	0	0	0	8	0	0	0	6	0	0	0	0	0	0
Ga10G12-PA3	0	0	0	0	0	0	0	0	0	0	0	0	0	0	0	0	0	0	0	0	0	0	0	0	0	0	0	0	22	0	0	0	0	0	0	0	0	0	0	0	8	0	0	0	0	1	16	0	0	0	1	0	0	0	0	0	0
Ga10G12-PS4	0	0	0	0	0	1	0	0	0	0	0	0	0	0	0	0	0	0	0	0	0	0	0	0	0	0	0	0	51	0	1	0	0	0	0	0	0	0	0	0	1	0	0	0	0	0	30	0	0	0	6	0	0	0	0	0	0
Ga15C12-PS9	0	0	0	0	0	2	0	0	0	0	0	0	0	0	0	0	0	0	0	0	0	3	0	0	0	0	0	6	3	0	0	0	0	0	0	0	0	0	0	0	0	0	0	0	0	0	178	0	0	0	0	0	0	0	0	0	0
Ga15C12-BZ10	0	0	0	0	0	0	0	0	0	0	0	0	0	0	0	0	0	0	0	0	0	0	0	0	0	0	0	0	93	0	0	0	0	0	0	0	0	0	0	0	61	0	0	42	0	0	38	2	0	0	1	0	0	0	0	0	0
Ga15C12-PS11	1	0	0	0	0	2	0	0	0	0	0	0	0	0	0	0	0	0	0	0	0	0	0	0	0	0	0	0	81	0	0	0	0	0	0	0	0	0	0	0	1	0	0	39	0	0	22	0	0	0	11	0	0	0	0	0	0
Ga15C12-PS12	7	0	0	0	0	7	0	0	0	0	0	0	0	0	0	0	0	0	0	0	0	0	0	0	0	0	0	0	81	0	1	0	0	0	0	0	0	0	0	0	10	0	0	33	0	0	23	0	0	0	0	0	0	0	0	4	0
Ga15E10-PA17	0	0	0	0	0	0	0	0	0	0	0	0	0	0	0	0	0	0	0	0	0	0	0	0	0	0	0	0	0	0	0	0	0	0	0	0	0	0	0	0	0	0	0	0	0	0	15	0	0	0	5	0	0	0	0	0	0
Ga15E10-SC18	0	0	0	0	5	0	0	0	0	0	0	0	0	0	0	0	0	0	0	0	0	1	0	0	0	0	0	0	4	0	0	0	0	0	0	0	0	50	0	0	5	0	0	0	0	0	0	0	20	0	0	0	0	0	0	0	0
Ga15E10-PA19	0	0	0	0	0	0	0	0	0	0	0	0	0	0	3	0	0	0	0	0	0	0	0	0	0	0	0	0	2	0	0	0	0	0	0	0	0	0	0	0	5	0	0	0	0	0	23	0	0	0	17	0	0	0	0	0	0
Ga15E10-PA20	3	0	0	0	0	11	0	0	0	0	6	0	1	0	0	0	0	0	0	0	0	0	0	0	0	0	0	0	3	0	0	0	0	0	0	0	0	0	0	0	2	0	0	0	0	0	36	0	0	0	0	0	0	0	0	0	0
Ga15E12-PT5	0	0	106	0	10	0	0	0	0	0	0	1	0	0	0	0	0	0	0	0	0	0	0	0	0	0	0	0	0	0	0	0	0	0	0	0	0	0	0	0	0	0	0	0	0	0	0	0	5	1	0	0	0	0	0	0	0
Ga15E12-PA6	0	0	0	0	0	0	0	0	0	0	4	0	0	0	0	0	0	0	0	0	0	0	0	0	0	0	0	0	0	0	0	0	0	0	0	0	0	0	0	0	1	0	0	0	0	0	5	0	0	0	0	0	0	0	0	0	0
Ga15E12-PA7	0	0	0	0	0	0	0	0	0	0	0	0	0	0	0	0	0	0	0	0	0	0	0	0	0	0	0	0	10	0	0	0	0	0	0	0	0	0	0	0	2	0	0	0	0	0	0	0	0	0	5	0	0	0	0	0	0
Ga15E12-PS8	0	0	0	0	0	0	0	0	0	0	0	0	0	0	0	0	0	0	0	0	0	0	0	0	0	0	0	0	33	0	0	0	0	0	0	0	0	0	0	0	0	0	0	0	0	0	27	0	0	0	6	0	0	0	0	0	0
Ga15E14-PS13	0	0	0	0	0	0	0	0	0	0	0	0	0	0	0	0	0	0	0	0	0	0	0	0	0	0	0	0	110	0	0	0	0	0	0	0	0	0	0	0	1	0	0	0	0	0	39	18	0	0	0	0	0	0	0	0	0
Ga15E14-PA14	0	0	0	0	0	0	0	0	0	0	0	0	0	0	0	0	0	0	0	0	0	0	0	0	0	0	0	0	13	0	0	0	0	0	0	0	0	0	0	0	2	0	0	0	0	0	30	0	0	0	0	0	0	0	0	0	0
Ga15E14-PS15	0	0	0	0	0	53	0	0	0	0	0	0	0	0	0	0	0	0	0	0	0	0	0	0	0	0	0	0	0	0	0	0	0	0	0	0	0	0	0	0	0	0	0	0	0	0	10	5	0	0	0	0	0	0	0	0	0
Ga15E14-PS16	0	0	0	0	0	0	0	0	0	0	0	0	0	0	0	0	0	0	0	0	0	0	0	0	0	0	0	0	0	0	8	0	0	0	0	0	0	0	0	0	0	0	0	0	0	0	39	9	0	0	0	0	0	0	0	0	0
Ga15G12-PS1	0	0	0	0	0	2	0	0	0	0	0	0	1	0	0	0	0	0	0	0	0	0	0	0	0	0	0	1	67	0	0	0	0	0	0	0	0	0	0	0	0	0	0	0	0	0	28	0	0	0	7	0	0	0	0	0	0
Ga15G12-PA2	0	0	0	0	0	6	0	0	0	0	0	0	0	0	0	0	0	0	0	0	0	0	0	0	0	0	0	0	56	0	0	0	0	0	0	0	0	0	0	0	2	0	0	0	0	0	8	0	0	0	7	0	0	0	0	0	0
Ga15G12-PA3	0	0	0	0	0	1	0	0	0	0	0	0	0	0	0	0	0	0	0	0	0	0	0	0	0	0	0	0	35	0	0	0	0	0	0	0	0	0	0	0	11	0	0	0	0	1	21	0	0	0	5	0	0	0	0	0	0
Ga15G12-PS4	0	0	0	0	0	9	0	0	0	0	0	0	0	0	0	0	0	0	0	0	0	0	0	0	0	0	0	0	52	0	0	0	0	0	0	0	0	0	0	0	0	0	0	0	0	0	22	1	0	0	10	0	0	0	0	0	0
Gd01B 2-PS1	0	0	0	0	0	0	0	0	0	0	0	0	0	0	0	0	0	0	3	0	0	0	0	0	0	0	0	0	25	0	0	0	0	0	0	0	47	0	0	0	0	0	0	0	0	0	0	0	0	0	14	0	0	0	0	0	0
Gd01B 2-PA2	0	0	0	0	0	0	0	0	0	0	0	0	0	0	0	0	0	0	0	0	0	0	0	0	0	0	0	0	67	0	0	0	0	0	0	0	23	0	0	0	0	0	0	0	0	0	0	0	0	0	0	2	0	0	0	0	0
Gd01B 2-PS3	0	0	0	0	0	0	0	1	0	2	0	0	0	0	0	0	0	0	0	0	0	0	0	0	0	0	0	0	28	0	0	0	0	0	0	0	72	0	0	0	0	0	0	0	0	0	0	0	0	0	1	0	0	0	0	0	0
Gd01B 2-PS4	0	0	0	0	0	0	0	0	0	0	0	0	0	0	0	0	0	0	72	0	0	0	0	0	0	0	0	0	3	0	0	0	0	0	0	0	17	0	0	0	0	0	0	0	0	0	0	0	0	0	1	0	0	0	0	0	0
Gd01B 2-PS5	0	0	0	0	0	0	0	0	0	0	0	0	0	0	0	0	0	0	0	0	0	0	0	0	0	0	0	0	74	0	0	0	0	0	0	0	113	0	0	0	0	0	0	0	0	0	0	0	0	0	21	0	0	0	0	1	0
Gd01C 2-PS1	0	0	0	0	0	0	0	0	0	0	0	0	0	0	0	0	0	0	0	3	0	0	127	0	0	0	0	0	4	0	0	0	0	0	0	0	5	0	0	2	0	0	0	0	0	0	0	0	0	0	38	0	0	0	0	0	0
Gd01C 2-PS2	0	0	0	0	0	0	0	0	0	0	0	0	0	0	0	0	0	0	0	0	0	0	18	0	0	0	0	0	16	0	0	0	0	0	0	0	3	0	0	0	0	0	0	0	0	0	0	0	0	0	16	0	0	0	0	0	0
Gd01C 2-PA3	0	0	0	0	0	0	0	0	0	0	0	0	0	0	0	0	0	0	0	0	0	0	0	0	0	0	0	0	58	0	0	0	0	0	0	0	117	0	0	0	0	0	0	0	0	0	0	0	0	0	2	0	0	0	0	0	0
Gd01C 2-PA4	0	0	0	0	0	0	0	0	0	0	0	0	0	0	0	0	0	0	0	0	0	0	0	0	0	0	0	0	18	0	0	0	13	0	0	0	138	0	0	0	0	0	0	0	0	0	0	0	0	0	0	0	0	0	0	0	0
Gd01C 2-PA5	0	0	0	0	0	0	0	0	0	0	0	0	0	0	2	0	0	12	0	0	0	0	0	0	0	0	0	0	1	0	0	0	74	0	0	0	59	0	0	0	0	0	0	0	0	0	0	0	0	0	0	0	0	0	0	0	0
Gd01E 3-PA1	0	0	0	0	0	0	0	0	0	0	0	0	0	0	0	0	0	0	10	0	0	0	74	0	0	0	0	0	72	0	0	0	0	0	0	0	88	0	4	0	0	0	0	0	0	0	0	0	0	0	0	0	0	0	0	0	0
Gd01E 3-PA2	0	0	0	0	0	0	0	0	0	0	0	0	0	0	0	0	0	0	0	0	0	0	26	0	0	0	0	0	40	0	0	0	0	0	0	0	148	0	0	0	0	0	0	0	0	0	0	0	0	0	0	0	0	0	0	0	0
Gd01E 3-PA3	0	0	0	0	0	0	0	0	0	0	0	0	0	0	0	0	0	0	0	0	0	0	0	0	0	0	0	0	23	0	0	0	2	0	0	0	182	0	2	0	0	0	0	0	0	0	0	0	0	0	0	0	0	0	0	0	0
Gd01E 3-BP4	0	0	0	0	0	0	0	0	0	0	0	0	0	0	0	0	0	0	38	0	0	0	22	0	0	1	0	0	16	0	0	0	0	0	0	0	124	0	0	0	0	0	0	0	0	0	0	0	0	0	13	0	0	0	0	0	0
Gd01E 3-PS5	0	0	0	0	0	0	0	0	0	0	0	0	0	0	0	0	0	0	0	0	0	0	49	3	0	0	0	2	8	0	0	0	0	0	0	2	22	0	0	0	0	0	0	0	0	0	0	0	0	0	0	0	0	0	0	0	0
Gd01F 4-PS1	0	0	0	0	0	0	0	0	0	0	0	0	0	0	0	0	0	0	0	0	0	0	17	0	0	0	0	23	12	0	0	0	0	0	0	0	8	0	0	0	0	0	0	0	0	0	0	0	0	0	8	0	0	0	0	0	0
Gd01F 4-PS2	0	0	0	0	0	0	0	0	0	0	0	0	0	0	0	0	0	0	18	0	0	0	12	0	0	0	0	0	23	0	0	0	0	0	0	0	17	0	0	0	0	0	0	0	0	0	0	0	0	0	27	0	0	0	0	0	0
Gd01F 4-PS3	0	0	0	0	0	0	0	0	0	0	0	0	0	0	0	0	0	0	20	0	0	0	72	0	0	0	0	0	27	0	0	0	0	0	0	0	3	0	0	0	0	0	0	0	0	0	0	0	0	0	16	0	0	0	0	0	0
Gd01F 4-QR4	0	0	0	0	0	0	0	0	0	0	0	0	0	0	0	0	0	0	0	0	0	0	0	0	12	0	223	0	3	0	0	0	0	0	0	0	0	0	0	0	0	0	0	0	0	1	0	0	12	0	0	0	0	0	0	0	0
Gd01F 4-PS5	0	0	0	0	0	0	0	0	0	0	0	0	0	0	0	0	0	0	18	0	0	0	0	0	0	0	0	0	98	0	0	0	0	0	0	0	121	0	0	0	0	0	0	0	0	0	0	0	0	0	0	0	0	0	0	0	0
Gd06B 2-PS1	0	0	0	0	0	0	0	0	0	0	0	0	0	0	0	0	0	0	0	0	0	0	0	0	0	0	0	1	29	0	0	0	0	0	0	0	15	0	0	0	0	0	0	0	0	0	0	0	0	0	5	0	0	0	0	0	0
Gd06B 2-PA2	0	0	0	0	0	0	0	0	0	0	0	0	0	0	0	0	0	0	0	0	0	0	0	0	0	0	0	0	37	0	0	0	0	0	0	0	19	0	0	0	0	0	0	0	0	0	0	0	0	0	0	0	0	0	0	0	0
Gd06B 2-PS3	0	0	0	0	0	0	0	0	0	0	0	0	0	0	0	1	0	0	0	0	0	0	0	0	0	0	0	0	37	0	0	0	0	0	0	0	47	0	0	0	0	0	0	0	0	0	0	0	0	0	1	0	0	0	0	0	0
Gd06B 2-PS4	0	0	0	0	0	0	0	0	0	0	0	0	0	0	0	0	0	0	28	0	0	0	7	0	0	0	0	0	0	0	0	0	0	0	0	0	13	0	0	0	0	0	0	0	0	0	0	0	0	0	0	0	0	0	0	0	0
Gd06B 2-PS5	0	0	0	0	0	0	0	0	0	0	0	0	0	0	0	0	0	0	0	2	0	0	0	0	0	0	0	0	99	0	0	0	0	0	0	0	113	0	0	0	0	0	0	0	0	0	0	0	0	0	63	0	0	0	0	0	0
Gd06C 2-PS1	0	0	0	0	0	0	0	0	0	0	0	0	0	0	0	0	0	0	0	114	0	0	3	0	0	0	0	0	0	0	0	0	0	0	0	0	5	0	0	0	0	0	0	0	0	0	0	0	0	0	1	0	0	0	0	0	0
Gd06C 2-PS2	0	0	0	0	0	0	0	0	0	0	0	0	0	0	0	0	0	0	0	5	0	0	21	0	0	0	0	0	12	0	0	0	0	0	0	0	88	0	0	0	0	0	0	0	0	0	0	0	0	0	3	0	0	0	0	0	0
Gd06C 2-PA3	0	0	0	0	0	0	0	0	0	0	0	0	0	0	1	0	0	0	0	0	0	0	0	0	0	0	0	0	33	0	0	0	0	0	0	0	22	0	0	0	0	0	0	0	0	0	0	0	0	0	1	0	0	0	0	0	0
Gd06C 2-PA4	0	0	0	0	0	0	0	0	0	0	0	0	0	0	0	0	0	0	0	0	0	0	0	0	0	0	0	0	11	0	0	0	13	0	0	0	71	0	0	0	0	0	0	0	0	0	0	0	0	0	0	0	0	0	0	0	0
Gd06C 2-PA5	0	0	0	0	0	0	0	0	0	0	0	0	0	0	11	0	0	10	0	0	0	0	0	0	0	0	0	0	1	0	0	0	81	0	0	0	82	0	0	0	0	0	0	0	0	0	0	0	0	0	0	0	0	0	0	0	0
Gd06E 3-PA1	0	0	0	0	0	0	0	0	0	0	0	0	0	0	0	0	0	0	14	0	0	0	102	0	0	0	0	0	5	0	0	0	0	0	0	0	52	0	21	0	0	0	0	0	0	0	0	0	0	0	0	0	0	0	0	0	0
Gd06E 3-PA2	0	0	0	0	0	0	0	0	0	0	0	0	0	0	0	0	0	0	13	0	0	0	139	0	0	0	0	0	29	0	0	0	0	0	0	0	34	0	38	0	0	0	0	0	0	0	0	0	0	0	0	0	0	0	0	0	0
Gd06E 3-PA3	0	0	0	0	0	0	0	0	0	0	0	0	0	0	0	0	0	0	2	0	0	0	0	0	0	0	0	0	7	0	0	0	32	0	0	0	147	0	28	0	0	0	0	0	0	0	0	0	0	0	0	0	0	0	0	0	0
Gd06E 3-BP4	0	0	0	0	0	0	0	0	0	0	0	0	0	0	0	0	0	0	47	0	0	0	21	2	0	0	0	0	12	0	0	0	0	0	0	0	32	0	11	0	0	0	0	0	0	0	0	0	0	0	11	0	0	0	3	0	0
Gd06E 3-PS5	0	0	0	0	0	0	0	0	0	0	0	0	0	0	0	0	0	0	12	0	0	0	43	0	0	0	0	0	2	0	0	0	0	0	0	0	13	0	0	0	0	0	0	0	0	0	0	0	0	0	0	0	0	0	0	0	0
Gd06F 4-PS1	0	0	0	0	0	0	0	0	0	0	0	0	0	0	0	0	0	0	39	0	0	0	29	0	0	0	0	37	12	0	0	0	0	0	0	0	0	0	0	0	0	0	0	0	0	0	0	0	0	0	1	0	0	0	0	0	0
Gd06F 4-PS2	0	0	0	0	0	0	0	0	0	0	0	0	0	0	0	0	0	0	28	0	0	0	0	0	0	0	0	0	5	0	0	0	0	0	0	0	4	0	0	0	0	0	0	0	0	0	0	0	0	0	9	0	0	0	0	0	0
Gd06F 4-PS3	0	0	0	0	0	0	0	0	0	0	0	0	0	0	0	0	0	0	27	0	0	0	72	0	0	0	0	0	29	0	0	0	0	0	0	0	3	0	0	0	0	0	0	0	0	0	0	0	0	0	32	0	0	0	0	0	0
Gd06F 4-QR4	0	0	0	0	0	0	0	0	0	0	0	0	0	0	0	0	0	0	3	0	0	0	0	0	12	0	122	0	0	0	0	0	0	0	0	0	0	0	0	0	0	0	0	0	0	0	0	0	11	0	0	0	0	0	0	0	0
Gd06F 4-PS5	0	0	0	0	0	0	0	0	0	0	0	0	0	0	0	0	0	0	37	0	0	0	0	0	0	0	0	0	197	0	0	0	0	0	0	0	33	0	0	0	0	0	0	0	0	0	0	0	0	0	9	0	0	0	0	0	0
Gd11B 2-PS1	0	0	0	0	0	0	0	0	0	0	0	0	0	0	0	0	0	0	0	0	0	21	0	0	0	0	0	0	27	0	0	0	0	0	0	0	2	0	0	0	0	0	0	0	0	0	0	0	0	0	27	0	0	0	0	0	0
Gd11B 2-PA2	0	0	0	0	0	0	0	0	0	0	0	0	0	0	0	0	0	0	0	0	0	0	0	0	0	0	0	0	77	0	0	0	0	0	0	0	46	0	0	0	0	0	0	0	0	0	0	0	0	0	0	0	0	0	0	0	0
Gd11B 2-PS3	0	0	0	0	0	0	0	0	0	0	0	0	0	0	0	1	0	0	0	0	0	2	0	0	0	0	0	0	26	0	0	0	0	0	0	0	51	0	0	0	0	0	0	0	0	0	0	0	0	0	1	0	0	0	0	0	0
Gd11B 2-PS4	0	0	0	0	0	0	0	0	0	0	0	0	0	0	0	0	0	0	0	0	0	23	0	0	0	0	0	0	1	0	0	0	0	0	0	0	3	0	0	0	0	0	0	0	0	0	0	0	0	0	0	0	0	0	0	0	0
Gd11B 2-PS5	0	0	0	0	0	0	0	0	0	0	0	0	0	0	0	0	0	0	0	0	0	74	0	0	0	0	0	0	54	0	0	0	0	0	0	0	24	0	0	0	0	0	0	0	0	0	0	0	0	0	68	0	0	0	0	0	0
Gd11C 2-PS1	0	0	0	0	0	0	0	0	0	0	0	0	0	0	0	0	0	0	0	0	0	78	0	0	0	0	0	0	3	0	0	0	0	0	0	0	0	0	0	0	0	0	0	0	0	0	0	0	0	0	5	0	0	0	0	0	0
Gd11C 2-PS2	0	0	0	0	0	0	0	0	0	0	0	0	0	0	0	0	0	0	0	0	0	18	0	0	0	0	0	0	5	0	0	0	0	0	0	0	0	0	0	0	0	0	0	0	0	0	0	0	0	0	5	0	0	0	0	0	0
Gd11C 2-PA3	0	0	0	0	0	0	0	0	0	0	0	0	0	0	0	0	0	0	0	0	0	0	0	0	0	0	0	0	124	0	0	0	0	0	0	0	17	0	0	0	0	0	0	0	0	0	0	0	0	0	1	0	0	0	0	0	0
Gd11C 2-PA4	0	0	0	0	0	0	0	0	0	0	0	0	0	0	0	0	0	0	0	0	0	2	0	0	0	0	0	0	39	0	0	0	0	0	0	0	101	0	0	0	0	0	0	0	0	0	0	0	0	0	0	0	0	0	0	0	0
Gd11C 2-PA5	0	0	0	0	0	0	0	0	0	0	0	0	0	0	10	0	0	7	0	0	0	0	0	0	0	0	0	0	1	0	0	0	107	0	0	0	104	0	0	0	0	0	0	0	0	0	0	0	0	0	0	0	0	0	0	0	0
Gd11E 3-PA1	0	0	0	0	0	0	0	0	0	0	0	0	0	0	0	0	0	0	0	0	0	113	0	0	0	0	0	0	43	0	0	0	0	0	0	0	1	0	0	0	0	0	0	0	0	0	0	0	0	0	0	0	0	0	1	0	0
Gd11E 3-PA2	0	0	0	0	0	0	0	0	0	0	0	0	0	0	0	0	0	0	0	0	0	53	0	0	0	0	0	0	18	0	0	0	0	0	0	0	1	0	1	0	0	0	0	0	0	0	0	0	0	0	0	0	0	0	0	0	0
Gd11E 3-PA3	0	0	0	0	0	0	0	0	0	0	0	0	0	0	0	0	0	0	0	0	0	22	0	0	0	0	0	0	15	0	0	0	67	0	0	0	6	0	5	0	0	0	0	0	0	0	0	0	0	0	0	0	0	0	0	0	0
Gd11E 3-BP4	0	0	0	0	0	0	0	0	0	0	0	0	0	0	0	0	0	0	0	0	0	113	0	0	0	0	0	0	5	0	0	0	0	0	0	0	10	0	4	0	0	0	0	0	0	0	0	0	0	0	35	0	0	0	0	0	0
Gd11E 3-PS5	0	0	0	0	0	0	0	0	0	0	0	0	0	0	0	0	0	0	0	0	0	89	0	0	0	0	0	0	0	0	0	0	0	0	0	0	0	0	0	0	0	0	0	0	0	0	0	0	0	0	0	0	0	0	0	0	0
Gd11F 4-PS1	0	0	0	0	0	0	0	0	0	0	0	0	0	0	0	0	0	0	0	0	0	159	0	0	0	0	0	27	1	0	0	0	0	0	0	0	0	0	0	0	0	0	0	0	0	0	0	0	0	0	9	0	0	0	0	0	0
Gd11F 4-PS2	0	0	0	0	0	0	0	0	0	0	0	0	0	0	0	0	0	0	0	0	0	62	0	0	0	0	0	0	0	0	0	0	0	0	0	0	0	0	0	0	0	0	0	0	0	0	0	0	0	0	19	0	0	0	0	0	0
Gd11F 4-PS3	0	0	0	0	0	0	0	0	0	0	0	0	0	0	0	0	0	0	0	0	0	233	0	0	0	0	0	0	14	0	0	0	0	0	0	0	0	0	0	0	0	0	0	0	0	0	0	0	0	0	28	0	0	0	0	0	0
Gd11F 4-QR4	0	0	0	0	0	0	0	0	0	0	0	0	0	0	0	0	0	0	0	0	0	0	0	0	0	0	0	0	0	0	0	0	0	0	0	0	0	0	0	0	0	0	0	0	0	0	0	0	18	0	0	0	0	0	0	0	0
Gd11F 4-PS5	0	0	0	0	0	0	0	0	0	0	0	0	0	0	0	0	0	0	0	0	0	171	0	0	0	0	0	0	57	0	0	0	0	0	0	0	37	0	0	0	0	0	0	0	0	0	0	0	0	0	14	0	0	0	0	0	0
Gd96B 2-PS1	0	0	0	0	0	0	0	0	0	17	0	0	0	0	0	0	0	0	3	0	0	0	0	0	0	0	0	0	38	0	0	0	0	0	0	0	74	0	6	0	0	0	0	0	0	0	0	0	0	0	25	0	0	0	0	0	0
Gd96B 2-PA2	0	0	0	0	0	0	0	1	0	0	0	0	0	0	5	0	0	0	0	0	0	0	0	0	0	0	0	0	74	0	0	0	0	4	0	0	3	0	0	0	0	0	0	0	0	0	0	0	0	0	0	0	0	0	0	0	0
Gd96B 2-PS3	0	0	0	0	0	0	0	1	0	9	0	0	0	0	0	3	0	0	0	0	0	0	0	0	0	0	0	0	33	0	0	0	0	0	0	0	45	0	0	0	0	0	0	0	0	0	0	0	0	0	1	0	0	0	0	0	0
Gd96B 2-PS4	0	0	0	0	0	0	0	0	0	0	0	0	0	0	0	0	0	0	27	0	0	0	0	0	0	0	0	0	14	0	2	0	0	0	0	0	123	0	0	0	0	0	0	0	0	0	0	0	0	0	4	3	0	0	0	0	0
Gd96B 2-PS5	0	0	0	0	0	0	0	1	0	5	0	0	0	0	0	0	0	0	0	0	0	0	0	0	0	0	0	0	43	0	0	0	0	0	0	0	125	0	0	0	0	0	0	0	0	0	0	0	0	0	10	37	0	0	0	2	0
Gd96C 2-PS1	0	0	0	0	0	0	0	0	0	0	0	0	0	0	0	0	0	0	116	0	0	0	0	0	0	0	0	0	20	0	0	0	0	0	0	0	10	0	1	0	0	0	0	0	0	0	0	0	0	0	42	0	0	0	0	0	0
Gd96C 2-PS2	0	0	0	0	0	0	0	0	0	0	0	0	0	0	0	0	0	0	41	0	0	0	0	0	0	0	0	0	37	0	0	0	0	0	0	0	13	0	0	0	0	0	0	0	0	0	0	0	0	0	16	0	0	0	0	0	0
Gd96C 2-PA3	0	0	0	0	0	0	0	0	0	0	0	0	0	0	0	0	0	0	0	0	0	0	0	0	0	0	0	0	82	0	0	0	0	0	0	0	57	0	0	0	0	0	0	0	0	0	0	0	0	0	6	0	0	0	0	0	0
Gd96C 2-PA4	0	0	0	0	0	0	0	0	0	0	0	0	0	0	0	0	0	0	0	0	0	0	0	0	0	0	0	0	35	0	0	0	1	0	0	0	78	0	0	0	0	0	0	0	0	0	0	0	0	0	0	0	0	0	0	0	0
Gd96C 2-PA5	0	0	0	0	0	0	0	0	0	0	0	0	0	0	4	2	0	0	0	0	0	0	0	0	0	0	0	0	4	0	0	0	117	0	0	0	85	0	0	0	0	0	0	0	0	0	0	0	0	0	0	0	0	0	0	0	0
Gd96E 3-PA1	0	0	0	0	0	0	0	0	0	0	0	0	0	0	0	0	0	0	34	0	0	0	0	0	0	0	0	0	114	0	0	0	0	0	0	0	155	0	1	0	0	0	0	0	0	0	0	0	0	0	0	0	0	0	0	0	0
Gd96E 3-PA2	0	0	0	0	0	0	0	0	0	0	0	0	0	0	0	0	0	0	8	0	0	0	0	0	0	0	0	0	80	0	0	0	0	0	0	0	245	0	0	0	0	0	0	0	0	0	0	0	0	0	0	0	0	0	0	0	0
Gd96E 3-PA3	0	0	0	0	0	0	0	0	0	0	0	0	0	0	0	0	0	0	0	0	0	0	0	0	0	0	0	0	30	0	0	0	0	0	0	0	157	0	12	0	0	0	0	0	0	0	0	0	0	0	0	0	0	0	0	0	0
Gd96E 3-BP4	0	0	0	0	0	0	0	0	0	0	0	0	0	0	0	0	0	0	106	0	0	0	0	0	0	2	0	0	43	0	0	0	0	0	0	0	0	0	5	0	0	0	0	0	0	0	0	0	0	0	36	0	0	0	0	0	0
Gd96E 3-PS5	0	0	0	0	0	0	0	0	0	0	0	0	0	0	0	0	0	0	0	0	0	0	93	0	0	0	0	0	8	0	0	0	0	0	0	0	0	0	0	0	0	0	0	0	0	0	0	0	0	0	0	0	0	0	0	0	0
Gd96F 4-PS1	0	0	0	0	0	0	0	0	0	0	0	0	0	0	0	0	0	0	26	0	0	0	0	0	0	0	0	18	16	0	0	0	0	0	0	0	17	0	0	0	0	0	0	0	0	0	1	0	0	0	16	0	0	0	0	0	0
Gd96F 4-PS2	0	0	0	0	0	0	0	0	0	0	0	0	0	0	0	0	0	0	58	0	0	0	0	0	0	0	0	0	42	0	0	0	0	0	0	0	14	0	0	0	0	0	0	0	0	0	0	0	0	0	68	0	0	0	0	0	0
Gd96F 4-PS3	0	0	0	0	0	0	0	0	0	0	0	0	0	0	0	0	0	0	43	0	13	0	50	0	0	0	0	0	42	0	0	0	0	0	0	0	13	0	0	0	0	0	0	0	0	0	1	0	0	0	16	0	0	0	0	0	0
Gd96F 4-QR4	0	0	0	0	0	0	0	0	0	0	0	0	0	0	0	0	0	0	12	0	0	0	0	0	3	0	92	0	35	0	0	0	0	0	0	0	12	0	0	0	0	0	0	0	0	0	0	0	8	0	13	0	0	0	0	0	0
Gd96F 4-PS5	0	0	0	0	0	0	0	0	0	0	0	0	0	0	0	0	0	0	14	0	0	0	0	0	0	0	0	0	95	0	0	0	0	0	0	0	52	0	0	0	0	0	0	0	0	0	0	0	0	0	9	0	0	0	0	0	0
Ki04B 7-BZ1	0	0	0	0	0	0	0	0	0	0	0	0	0	0	0	0	0	0	0	0	0	0	0	0	0	0	0	0	111	0	0	0	0	0	0	0	17	0	7	0	0	0	9	0	7	0	9	0	0	0	19	0	0	0	0	1	0
Ki04B 7-PA2	0	0	0	0	0	0	0	0	0	0	0	0	0	0	0	0	0	0	0	0	0	0	0	0	0	0	0	0	97	0	0	0	0	0	0	0	33	0	0	0	0	0	0	0	0	0	17	0	0	0	0	0	0	0	0	0	0
Ki04B 7-PA3	0	0	0	0	0	0	0	0	0	0	0	0	0	0	0	0	0	0	0	0	0	0	0	0	0	0	0	0	98	0	0	23	0	0	0	0	39	0	0	0	0	0	0	0	0	0	0	0	0	0	23	7	0	0	0	0	0
Ki04B 7-BZ4	0	0	0	0	10	0	0	0	0	0	0	0	0	0	0	0	0	0	0	0	0	0	0	0	0	0	0	0	212	0	0	0	0	0	0	0	8	0	0	0	0	0	0	0	0	0	0	0	0	0	44	0	0	0	0	0	0
Ki04B 7-BZ5	0	0	0	0	0	0	0	0	0	0	0	0	0	0	0	0	0	0	0	0	0	0	0	0	0	0	0	0	19	0	0	0	0	0	19	0	37	0	19	0	0	0	19	0	0	0	0	9	0	0	0	0	0	0	0	0	0
Ki04D 8-PA1	0	0	0	0	0	0	0	0	0	0	0	0	0	0	7	0	0	0	0	0	0	0	0	0	0	0	0	0	99	0	0	0	0	0	0	0	67	0	0	0	0	0	0	0	0	0	0	0	0	0	0	0	0	0	0	0	0
Ki04D 8-PA2	0	0	0	0	0	0	0	0	0	0	0	0	0	0	0	0	0	0	0	0	0	0	0	0	0	0	0	0	75	0	0	5	0	0	0	0	43	0	0	0	0	0	0	0	0	0	18	0	0	0	0	0	0	0	0	0	0
Ki04D 8-PA3	0	0	0	0	0	0	0	0	0	0	0	0	0	0	0	0	0	0	0	0	0	0	0	0	0	0	0	0	73	0	0	0	0	0	0	0	234	0	0	0	0	0	0	0	0	0	0	0	0	0	0	0	0	0	0	0	0
Ki04D 8-PA4	0	0	0	0	0	0	0	0	0	0	0	0	0	0	0	0	0	0	0	0	0	0	0	0	0	0	0	0	54	0	0	0	0	0	0	0	154	0	0	0	0	0	0	0	0	0	0	0	0	0	0	0	0	0	0	0	0
Ki04D 8-BZ5	0	0	0	0	21	0	0	0	0	0	0	0	0	0	0	0	0	0	0	0	0	21	0	0	0	0	0	0	76	0	0	0	0	0	0	0	167	0	0	0	0	0	0	19	0	0	0	0	0	0	101	0	0	0	0	0	0
Ki04E 8-PA1	0	0	0	0	0	0	0	0	0	0	0	0	0	0	0	0	0	0	0	0	0	0	0	0	0	0	0	0	145	0	0	0	0	0	0	0	199	0	0	0	0	0	0	0	0	0	0	0	0	0	0	0	0	0	0	0	0
Ki04E 8-PA2	0	0	0	0	0	0	0	0	0	0	0	0	0	0	0	0	0	0	0	0	0	0	0	0	0	0	0	0	93	0	0	0	0	0	0	0	136	0	0	0	0	0	0	0	0	0	0	0	0	0	0	0	0	0	0	0	0
Ki04E 8-PA3	0	0	0	0	0	0	0	0	0	0	0	0	0	0	0	0	0	0	0	0	0	0	0	0	0	0	0	0	191	0	0	0	0	0	0	0	198	0	0	0	0	0	0	0	0	0	3	0	0	0	0	0	0	0	0	0	0
Ki04E 8-PA4	0	0	0	0	0	0	0	0	0	0	0	0	0	0	0	0	0	0	0	0	0	0	0	0	0	0	0	0	121	0	0	0	0	0	0	0	76	0	0	0	0	0	0	0	0	0	0	0	0	0	0	0	0	0	0	0	0
Ki04E 8-PA5	0	0	0	0	0	0	0	0	0	0	0	0	0	0	0	0	0	0	0	0	0	0	0	0	0	0	0	0	143	0	0	0	0	0	0	0	38	0	0	0	0	0	0	0	0	0	0	0	0	0	0	0	0	0	0	0	0
Ki04G10-PS1	0	0	0	0	0	0	0	0	0	0	0	0	0	0	0	0	0	0	0	0	0	0	0	0	0	0	0	0	92	0	0	0	0	0	0	0	231	0	0	0	0	0	0	0	0	0	0	0	0	0	14	0	0	0	0	0	0
Ki04G10-PA2	0	0	0	0	0	0	0	0	0	0	0	0	0	0	0	0	0	0	0	0	0	0	0	0	0	0	0	0	217	0	0	0	0	0	0	0	41	0	0	0	0	0	0	0	0	0	0	0	0	0	1	0	0	0	0	0	0
Ki04G10-PA3	0	0	0	0	0	0	0	0	0	0	0	0	0	0	0	0	0	0	0	0	0	0	0	0	0	0	0	0	187	0	0	0	0	0	0	0	188	0	0	0	0	0	0	0	0	0	0	0	0	0	1	0	0	0	0	0	0
Ki04G10-BZ4	0	0	0	0	0	0	0	0	0	0	0	0	0	0	0	0	0	0	0	0	0	11	0	0	0	0	0	0	104	0	0	0	0	0	0	0	69	0	0	0	0	0	0	0	0	0	0	0	0	0	66	0	0	0	0	0	0
Ki04G10-PS5	0	0	0	0	0	0	0	0	0	0	0	0	0	0	0	0	0	0	0	0	0	0	0	0	0	0	0	0	43	0	0	0	0	0	0	0	41	0	0	0	0	0	0	0	0	0	13	0	0	0	0	0	0	0	0	0	0
Ki08B 7-BZ1	0	0	0	0	0	0	0	0	0	0	0	0	0	0	0	0	0	0	0	0	0	0	0	0	0	0	0	0	89	0	0	0	0	0	0	0	14	0	15	0	0	0	10	0	31	0	3	0	0	0	19	0	0	0	0	0	0
Ki08B 7-PA2	0	0	0	0	0	0	0	0	0	0	0	0	0	0	0	0	0	0	0	0	0	0	0	0	0	0	0	0	77	0	0	0	0	0	0	0	64	0	0	0	0	0	0	0	0	0	14	0	0	0	0	0	0	0	0	0	0
Ki08B 7-PA3	0	0	0	0	0	0	0	0	0	0	0	0	0	0	0	0	0	0	0	0	0	0	0	0	0	0	0	0	74	0	0	0	0	0	0	0	35	0	0	0	0	0	0	0	0	0	1	0	0	0	19	0	0	0	0	0	0
Ki08B 7-BZ4	0	0	0	0	2	0	0	0	0	0	0	0	0	0	0	0	0	0	0	0	0	6	0	0	0	0	0	0	118	0	0	0	0	0	0	0	21	0	1	0	0	0	0	0	0	0	3	0	0	0	10	0	0	0	0	0	0
Ki08B 7-BZ5	0	0	0	0	0	0	0	0	0	0	0	0	0	0	0	0	0	0	0	0	0	8	0	0	0	0	0	0	4	0	0	0	0	0	70	0	27	0	14	0	0	0	27	0	0	0	1	6	0	0	0	0	0	0	0	0	0
Ki08D 8-PA1	0	0	0	0	0	0	0	0	0	0	0	0	0	0	0	0	0	0	0	0	0	0	0	0	0	0	0	0	55	0	0	0	0	0	0	0	204	0	0	0	0	0	0	0	0	0	4	0	0	0	1	0	0	0	0	0	0
Ki08D 8-PA2	0	0	0	0	0	0	0	0	0	0	0	0	0	0	0	0	0	0	0	0	0	0	0	0	0	0	0	0	70	0	0	3	0	0	0	0	239	0	0	0	0	0	0	0	0	0	13	0	0	0	1	0	0	0	0	0	0
Ki08D 8-PA3	0	0	0	0	0	0	0	0	0	0	0	0	0	0	0	0	0	0	0	0	0	0	0	0	0	0	0	0	39	0	0	0	0	0	0	0	349	0	0	0	0	0	0	0	0	0	0	0	0	0	0	0	0	0	0	0	0
Ki08D 8-PA4	0	0	0	0	0	0	0	0	0	0	0	0	0	0	0	0	0	0	0	0	0	0	0	0	0	0	0	0	47	0	0	1	0	0	0	0	99	0	0	0	0	0	0	0	0	0	8	1	0	0	0	0	0	0	0	0	0
Ki08D 8-PA6	0	0	0	0	0	0	0	0	0	0	0	0	0	0	0	0	0	0	0	0	0	0	0	0	0	0	0	0	108	0	0	1	0	0	0	0	23	0	0	0	0	0	0	0	0	0	2	0	0	0	0	0	0	0	0	0	0
Ki08E 8-PA1	0	0	0	0	0	0	0	0	0	0	0	0	0	0	0	0	0	0	0	0	0	17	0	0	0	0	0	0	112	0	0	0	0	0	0	0	282	0	0	0	0	0	0	0	0	0	0	0	0	0	0	0	0	0	0	0	0
Ki08E 8-PA2	0	0	0	0	0	0	0	0	0	0	0	0	0	0	0	0	0	0	0	0	0	0	0	0	0	0	0	0	76	0	0	0	0	0	0	0	372	0	0	0	0	0	0	0	0	0	1	0	0	0	0	0	0	0	0	0	0
Ki08E 8-PA3	0	0	0	0	0	0	0	0	0	0	0	0	0	0	0	0	0	0	0	0	0	0	0	0	0	0	0	0	106	0	0	0	0	0	0	0	325	0	0	0	0	0	0	0	0	0	0	0	0	0	1	0	0	0	0	0	0
Ki08E 8-PA5	0	0	0	0	0	0	0	0	0	0	0	0	0	0	0	0	0	0	0	0	0	0	0	0	0	0	0	0	44	0	0	0	0	0	0	0	290	0	0	0	0	0	0	0	0	0	0	0	0	0	11	0	0	0	0	0	0
Ki08E 8-PA6	0	0	0	0	0	0	0	0	0	0	0	0	0	0	0	0	0	0	0	0	0	0	0	0	0	0	0	0	38	0	0	0	0	0	0	0	142	0	0	0	0	0	0	0	0	0	13	0	0	0	8	0	0	0	0	0	0
Ki08G10-PS1	0	0	0	0	0	0	0	0	0	0	0	0	0	0	0	0	0	0	0	0	0	52	0	0	0	0	0	0	123	0	0	0	0	0	0	0	80	0	0	0	0	0	0	0	0	0	0	0	0	0	24	0	0	0	0	2	0
Ki08G10-PA2	0	0	0	0	0	0	0	0	0	0	0	0	0	0	0	0	0	0	0	0	0	0	0	0	0	0	0	0	112	0	0	0	0	0	0	0	42	0	0	0	0	0	0	0	0	0	0	0	0	0	15	0	0	0	0	0	0
Ki08G10-PA3	0	0	0	0	0	0	0	0	0	0	0	0	0	0	0	0	0	0	0	0	0	0	0	0	0	0	0	0	132	0	0	0	0	0	0	0	162	0	0	0	0	0	1	0	0	0	0	1	0	0	22	0	0	0	0	0	0
Ki08G10-BZ4	0	0	0	0	0	0	0	0	0	0	0	0	0	0	0	0	0	0	0	0	0	33	0	0	0	0	0	0	49	0	0	0	0	0	0	0	1	0	0	0	0	0	1	0	0	0	0	0	0	0	106	0	0	0	0	0	0
Ki08G10-PA6	0	0	0	0	0	0	0	0	0	0	0	0	0	0	0	0	0	0	0	0	0	0	0	0	0	0	0	0	85	0	0	1	0	0	18	0	0	0	0	0	0	0	0	0	0	0	2	0	0	0	5	0	0	0	0	0	0
Ki13B 7-BZ1	0	0	0	0	0	0	0	0	0	0	0	0	0	0	0	0	0	0	0	0	0	0	0	0	0	0	0	0	54	0	0	0	0	0	0	0	41	0	15	0	0	0	6	0	43	0	1	0	0	0	6	0	0	0	0	0	0
Ki13B 7-PA2	0	0	0	0	0	0	0	0	0	0	0	0	0	0	0	0	0	0	0	0	0	0	0	0	0	0	0	0	50	0	0	0	0	0	0	0	205	0	0	0	0	0	0	0	0	0	7	0	0	0	1	0	0	0	0	0	0
Ki13B 7-PA3	0	0	0	0	0	0	0	0	0	0	0	0	0	0	0	0	0	0	0	0	0	0	0	0	0	0	0	0	67	0	0	11	0	0	0	0	47	0	0	0	0	0	0	0	0	0	0	0	0	0	9	0	0	0	0	0	0
Ki13B 7-BZ4	0	0	0	0	0	0	0	0	0	0	0	0	0	0	0	0	0	0	0	0	0	57	0	0	0	0	0	0	66	0	0	0	0	0	0	0	49	0	0	0	0	0	0	0	0	0	0	1	0	0	1	0	0	0	0	0	0
Ki13B 7-BZ6	0	0	0	0	0	0	0	0	0	0	0	0	0	0	0	0	0	0	0	0	0	0	0	0	0	0	0	0	20	0	0	0	0	0	0	0	0	0	0	0	0	0	7	0	0	0	0	0	0	0	5	0	0	0	0	0	0
Ki13D 8-PA1	0	0	0	0	0	0	0	0	0	0	0	0	0	0	0	0	0	0	0	0	0	0	0	0	0	0	0	0	77	0	0	0	0	0	0	0	370	0	0	0	0	0	0	0	0	0	1	0	0	0	1	0	0	0	0	0	0
Ki13D 8-PA2	0	0	0	0	0	0	0	0	0	0	0	0	0	0	0	0	0	0	0	0	0	0	0	0	0	0	0	0	74	0	0	1	0	0	0	0	385	0	0	0	0	0	0	0	0	0	7	0	0	0	0	0	0	0	0	0	0
Ki13D 8-PA3	0	0	0	0	0	0	0	0	0	0	0	0	0	0	0	0	0	0	0	0	0	0	0	0	0	0	0	0	29	0	0	0	0	0	0	0	360	0	0	0	0	0	0	0	0	0	0	0	0	0	0	0	0	0	0	0	0
Ki13D 8-PA4	0	0	0	0	0	0	0	0	0	0	0	0	0	0	0	0	0	0	0	0	0	0	0	0	0	0	0	0	46	0	0	0	0	0	0	0	235	0	0	0	0	0	0	0	0	0	5	0	0	0	0	0	0	0	0	0	0
Ki13D 8-PA6	0	0	0	0	0	0	0	0	0	0	0	0	0	0	0	0	0	0	0	0	0	0	0	0	0	0	0	0	111	0	0	0	0	0	0	0	115	0	0	0	0	0	0	0	0	0	0	0	0	0	0	0	0	0	0	0	0
Ki13E 8-PA1	0	0	0	0	0	0	0	0	0	0	0	0	0	0	0	0	0	0	0	0	0	25	0	0	0	0	0	0	133	0	0	0	0	0	0	0	73	0	0	0	0	0	0	0	0	0	0	0	0	0	0	0	0	0	0	0	0
Ki13E 8-PA2	0	0	0	0	0	0	0	0	0	0	0	0	0	0	0	0	0	0	0	0	0	0	0	0	0	0	0	0	59	0	0	1	0	0	0	0	382	0	0	0	0	0	0	0	0	0	0	0	0	0	0	0	0	0	0	0	0
Ki13E 8-PA3	0	0	0	0	0	0	0	0	0	0	0	0	0	0	0	0	0	0	0	0	0	0	0	0	0	0	0	0	157	0	0	0	0	0	0	0	210	0	0	0	0	0	0	0	0	0	0	0	0	0	2	0	0	0	0	0	0
Ki13E 8-PA5	0	0	0	0	0	0	0	0	0	0	0	0	0	0	0	0	0	0	0	0	0	0	0	0	0	0	0	0	63	0	0	0	0	0	0	0	282	0	0	0	0	0	0	0	0	0	0	0	0	0	5	0	0	0	0	0	0
Ki13E 8-PA6	0	0	0	0	0	0	0	0	0	0	0	0	0	0	0	0	0	0	0	0	0	0	0	0	0	0	0	0	43	0	0	11	0	0	0	0	237	0	0	0	0	0	0	0	0	0	5	0	0	0	14	0	0	0	0	0	0
Ki13G10-PA2	0	0	0	0	0	0	0	0	0	0	0	0	0	0	0	0	0	0	0	0	0	0	0	0	0	0	0	0	128	0	0	0	0	0	0	0	63	0	0	0	0	0	0	0	0	0	6	0	0	0	7	0	0	0	0	0	0
Ki13G10-PA3	0	0	0	0	0	0	0	0	0	0	0	0	0	0	0	0	0	0	0	0	0	0	0	0	0	0	0	0	96	0	0	0	0	0	0	0	181	0	0	0	0	0	0	0	0	0	0	0	0	0	12	0	0	0	0	0	0
Ki13G10-BZ4	0	0	0	0	0	0	0	0	0	0	0	0	0	0	0	0	0	0	0	0	0	53	0	0	0	0	0	0	19	0	0	0	0	0	0	0	10	0	0	0	0	0	0	0	0	0	0	0	0	0	77	0	0	0	0	0	0
Ki13G10-PA6	0	0	0	0	0	0	0	0	0	0	0	0	0	0	0	0	0	0	0	0	0	0	0	0	0	0	0	0	90	0	0	0	0	0	0	0	72	0	0	0	0	0	0	0	0	0	1	0	0	0	0	0	0	0	0	0	0
Ki13G11-PS7	0	0	0	0	0	0	0	0	0	0	0	0	0	0	0	0	0	0	0	0	0	79	0	0	0	0	0	0	25	0	0	0	0	0	0	0	17	0	0	0	0	0	0	0	0	0	1	0	0	0	0	0	0	0	0	0	0
Ki98B 7-BZ1	0	0	0	0	0	0	0	0	0	0	0	0	0	0	0	0	0	0	0	0	0	0	0	0	0	0	0	0	104	0	0	10	0	0	0	0	10	0	2	0	0	0	3	0	23	0	6	0	0	0	4	0	0	0	0	0	0
Ki98B 7-PA2	0	0	0	0	0	0	0	0	0	0	0	0	0	0	0	0	0	0	0	0	0	0	0	0	0	0	0	0	85	0	0	3	0	0	0	0	29	0	0	0	0	0	0	0	0	0	9	0	0	0	0	0	0	0	0	0	0
Ki98B 7-PA3	0	0	0	0	0	1	0	0	0	0	0	0	0	0	0	0	0	0	0	0	0	0	0	0	0	0	0	0	123	0	0	29	0	0	0	0	23	0	0	0	0	0	0	0	0	0	0	0	0	0	11	3	0	0	0	0	0
Ki98B 7-BZ4	0	0	0	0	0	0	0	0	0	0	0	0	0	0	0	0	0	0	0	0	0	0	0	0	0	0	0	0	172	0	0	0	0	0	0	0	4	0	0	0	0	0	0	0	0	0	0	0	0	0	42	0	0	0	0	0	0
Ki98B 7-BZ5	0	0	0	0	0	0	0	0	0	0	0	0	0	0	0	0	0	0	0	0	0	0	0	0	0	0	0	0	24	0	0	0	0	0	12	0	8	0	8	0	0	0	15	0	0	0	0	4	0	0	0	0	0	0	0	0	0
Ki98D 8-PA1	0	0	0	0	0	0	0	0	0	0	0	0	0	0	15	0	0	0	0	0	0	0	0	0	0	0	0	0	78	0	0	0	0	0	0	0	54	0	0	0	0	0	0	0	0	0	1	0	0	0	1	0	0	0	0	0	0
Ki98D 8-PA2	0	0	0	0	0	0	0	0	0	0	0	0	0	0	2	0	0	0	0	0	0	0	0	0	0	0	0	0	89	0	0	9	0	0	0	0	31	0	0	0	0	0	0	0	0	0	11	0	0	0	0	0	0	0	0	0	0
Ki98D 8-PA3	0	0	0	0	0	0	0	0	0	0	0	0	0	0	0	0	0	0	0	0	0	0	0	0	0	0	0	0	87	0	0	0	0	0	0	0	224	0	0	0	0	0	0	0	0	0	0	0	0	0	0	0	0	0	0	0	0
Ki98D 8-PA4	0	0	0	0	0	0	0	0	0	0	0	0	0	0	0	0	0	0	0	0	0	0	0	0	0	0	0	0	79	0	0	0	0	0	0	0	124	0	0	0	0	0	0	0	0	0	0	0	0	0	0	0	0	0	0	0	0
Ki98D 8-BZ5	0	0	0	0	42	0	0	0	0	0	0	0	0	0	0	0	0	0	7	0	0	0	0	0	0	0	0	0	37	0	0	0	0	0	0	0	84	0	0	0	0	8	0	0	0	0	0	0	0	0	94	0	0	0	0	0	0
Ki98E 8-PA1	0	0	0	0	0	0	0	0	0	0	0	0	0	0	0	0	0	0	0	0	0	0	0	0	0	0	0	0	124	0	0	0	0	0	0	0	198	0	0	0	0	0	0	0	0	0	0	0	0	0	0	0	0	0	0	0	0
Ki98E 8-PA2	0	0	0	0	0	0	0	0	0	0	0	0	0	0	0	0	0	0	0	0	0	0	0	0	0	0	0	0	82	0	0	0	0	0	0	0	108	0	0	0	0	0	0	0	0	0	0	0	0	0	0	0	0	0	0	0	0
Ki98E 8-PA3	0	0	0	0	0	0	0	0	0	0	0	0	0	0	0	0	0	0	0	0	0	0	0	0	0	0	0	0	174	0	0	0	0	0	0	0	182	0	0	0	0	0	0	0	0	0	0	0	0	0	2	0	0	0	0	0	0
Ki98E 8-PA4	0	0	0	0	0	1	0	0	0	0	0	0	0	0	0	0	0	0	0	0	0	0	0	0	0	0	0	0	147	0	0	0	0	0	0	0	62	0	0	0	0	0	0	0	0	0	0	0	0	0	0	0	0	0	0	0	0
Ki98E 8-PA5	0	0	0	0	0	0	0	0	0	0	0	0	0	0	0	0	0	0	0	0	0	0	0	0	0	0	0	0	111	0	0	0	0	0	0	0	144	0	0	0	0	0	0	0	0	0	0	0	0	0	0	0	0	0	0	0	0
Ki98G10-PS1	0	0	0	0	0	0	0	0	0	0	0	0	0	0	0	0	0	0	0	0	0	0	0	0	0	0	0	0	112	0	0	0	0	0	0	0	225	0	0	0	0	0	0	0	0	0	0	0	0	0	6	0	0	0	0	0	0
Ki98G10-PA2	0	0	0	0	0	0	0	0	0	0	0	0	0	0	0	0	0	0	0	0	0	0	0	0	0	0	0	0	196	0	0	0	0	0	0	0	39	0	0	0	0	0	0	0	0	0	0	0	0	0	2	0	0	0	0	0	0
Ki98G10-PA3	0	0	0	0	0	0	0	0	0	0	0	0	0	0	0	0	0	0	0	0	0	0	0	0	0	0	0	0	147	0	0	0	0	0	0	0	172	0	0	0	0	0	0	0	0	0	0	0	0	0	4	0	0	0	0	0	0
Ki98G10-BZ4	0	0	0	0	0	0	0	0	0	0	0	0	0	0	0	0	0	0	0	0	15	0	0	0	0	0	0	0	81	0	0	0	0	0	0	0	59	0	0	0	0	0	0	0	0	0	0	0	0	0	83	0	0	0	0	0	0
Ki98G10-PS5	0	0	0	0	0	0	0	0	0	0	0	0	0	0	0	0	0	0	0	0	0	0	0	0	0	0	0	0	37	0	0	0	0	0	0	0	26	0	0	0	0	0	0	0	0	0	9	0	0	0	0	0	0	0	0	0	0
